69,12,23,4,159,1,1988
145,12,23,23,145,0,0
245,12,23,4,240,1,1977
343,12,23,9,93,1,1988
182,12,23,5,337,1,1990
26,12,23,10,49,1,1981
255,12,22,12,196,1,1980
72,12,22,3,59,1,1991
242,12,22,7,475,1,1991
166,12,22,6,67,1,1986
259,12,22,2,123,1,1988
447,12,22,11,523,1,1961
626,12,22,20,196,1,1992
245,12,22,6,293,1,1977
260,12,21,14,510,1,1992
148,12,21,4,149,1,1990
290,12,21,5,123,1,1977
22,12,21,5,320,1,1995
7,12,21,6,26,1,1964
340,12,21,5,143,1,1963
129,12,21,5,124,1,1989
37,12,21,41,176,0,0
66,12,21,2,91,1,1977
211,12,21,27,46,1,1992
394,12,21,2,89,1,1985
463,12,20,14,344,1,1987
460,12,20,10,449,1,1981
251,12,20,22,344,1,1969
273,12,20,3,338,1,1960
242,12,20,3,344,1,1998
245,12,20,10,318,1,1989
46,12,20,30,172,1,1992
53,12,20,5,25,1,1964
232,12,20,3,256,1,1988
174,12,20,6,90,1,1965
256,12,20,2,232,1,1988
447,12,20,16,467,1,1983
26,12,20,6,7,1,1964
172,12,20,25,181,1,1992
100,12,20,24,69,1,1974
289,12,20,21,153,1,1990
210,12,19,13,509,1,1976
116,12,19,4,213,2,1986
181,12,19,20,47,1,1992
31,12,19,6,359,1,1989
53,12,19,27,44,0,0
57,12,19,9,170,1,1994
108,12,19,8,202,1,1994
41,12,19,10,169,1,1992
47,12,19,21,112,1,1992
359,12,19,7,31,1,1989
60,12,19,24,27,1,1994
234,12,19,6,227,1,1985
129,12,19,7,205,1,1986
128,12,19,8,186,1,1983
112,12,19,15,33,1,1992
24,12,19,5,199,2,1984
287,12,18,7,284,1,1990
570,12,18,130,574,1,1997
256,12,18,23,447,1,1960
167,12,18,8,129,1,1983
334,12,18,4,156,1,1993
27,12,18,27,110,1,1994
59,12,18,6,178,1,1991
172,12,18,14,349,1,1990
199,12,18,10,212,1,1964
160,12,18,15,128,1,1987
33,12,18,24,194,1,1992
334,12,18,16,293,1,1987
198,12,18,1,112,1,1977
130,12,18,10,276,2,1985
242,12,18,4,464,1,1990
574,12,18,32,570,1,1997
236,12,18,4,301,1,1988
112,12,18,2,71,1,1977
190,12,18,5,67,1,1988
128,12,18,6,130,1,1987
208,12,18,42,205,1,1964
301,12,18,10,161,1,1954
246,12,18,12,325,2,1975
374,12,17,10,333,1,1992
24,12,17,17,47,1,1992
66,12,17,14,337,1,1994
127,12,17,4,152,1,1990
30,12,17,17,212,1,1991
212,12,17,10,99,2,1985
475,12,17,13,314,1,1988
31,12,17,4,364,1,1971
182,12,17,7,110,1,1988
47,12,17,14,211,1,1992
349,12,17,7,327,2,1990
54,12,17,9,88,1,1961
197,12,17,3,195,1,1986
312,12,17,4,240,1,1988
254,12,17,6,299,1,1953
145,12,17,18,93,1,1951
154,12,17,10,240,1,1974
418,12,17,3,322,2,1978
26,12,17,7,133,1,1985
142,12,17,9,172,1,1997
622,12,17,13,260,1,1987
337,12,17,4,211,1,0
88,12,17,10,92,1,1961
117,12,17,2,226,1,1992
145,12,17,12,196,1,1994
333,12,17,12,374,1,1992
211,12,17,10,364,1,1983
312,12,17,7,231,1,1964
133,12,17,14,333,1,1969
211,12,17,27,126,1,1992
230,12,17,8,117,1,1986
300,12,17,16,229,1,1978
327,12,16,7,349,2,1990
126,12,16,21,182,1,1992
332,12,16,4,13,1,1984
196,12,16,26,623,1,1994
33,12,16,133,81,0,0
69,12,16,3,159,1,1988
291,12,16,4,176,2,1992
333,12,16,10,60,1,1969
254,12,16,4,304,1,1952
312,12,16,8,299,1,1978
182,12,16,11,620,1,1992
231,12,16,5,312,1,1964
66,12,16,4,112,1,1987
117,12,16,7,230,1,1986
74,12,16,7,176,1,1986
313,12,16,10,331,1,1989
76,12,16,8,624,1,1983
233,12,16,8,22,2,1997
464,12,16,16,162,1,1991
620,12,16,14,182,1,1992
60,12,16,11,156,1,1969
174,12,16,6,36,2,1956
501,12,16,12,258,1,1976
54,12,16,14,176,1,1961
133,12,16,9,134,1,1963
300,12,16,12,13,1,1985
98,12,16,9,181,1,1983
80,12,16,3,198,1,1982
134,12,16,1,134,1,1963
86,12,16,23,80,0,0
27,12,16,7,94,2,1965
84,12,16,20,25,1,1971
294,12,16,3,463,1,1971
257,12,16,8,227,1,1981
162,12,16,17,30,1,1991
22,12,16,5,15,1,1986
195,12,16,14,41,2,1992
45,12,16,15,110,1,1994
13,12,15,14,94,1,1984
113,12,15,7,289,1,1985
18,12,15,2,77,2,1957
49,12,15,10,26,1,1981
168,12,15,25,192,1,1970
131,12,15,11,67,1,1973
186,12,15,10,21,1,1989
258,12,15,6,501,1,1976
91,12,15,6,88,1,1960
264,12,15,22,52,0,0
229,12,15,12,300,1,1978
170,12,15,5,57,1,1972
156,12,15,4,220,1,1978
447,12,15,14,458,2,1980
144,12,15,7,307,1,1989
300,12,15,6,152,2,1986
255,12,15,4,41,1,1970
196,12,15,12,255,1,1980
80,12,15,31,44,0,0
254,12,15,2,232,1,1984
227,12,15,5,246,1,1993
254,12,15,2,232,1,1975
59,12,15,6,175,1,1986
307,12,15,3,223,1,1970
227,12,15,18,239,1,1981
256,12,15,8,299,2,1990
41,12,15,11,57,1,2000
117,12,15,3,296,1,1988
172,12,15,26,181,1,1992
30,12,15,2,210,1,1990
181,12,15,9,98,1,1983
253,12,15,3,251,1,1969
111,12,15,1,74,1,1986
472,12,15,7,239,1,1984
205,12,15,14,57,1,1997
141,12,15,6,176,2,1987
332,12,15,8,300,1,1963
47,12,15,22,13,1,1980
176,12,15,10,60,1,1986
46,12,15,4,172,2,1986
28,12,15,9,289,1,1982
181,12,15,18,194,1,1992
21,12,15,9,186,1,1989
57,12,15,19,35,1,1972
67,12,15,11,60,1,1962
140,12,15,10,133,1,1961
123,12,15,7,258,1,1990
154,12,15,21,116,1,1981
195,12,15,15,301,1,1961
77,12,15,28,374,1,1975
239,12,15,5,472,1,1984
293,12,15,5,344,1,1989
157,12,15,21,177,2,1985
340,12,14,4,329,2,1990
161,12,14,8,133,1,1971
460,12,14,26,230,2,1980
194,12,14,11,180,1,1992
458,12,14,11,463,1,1984
69,12,14,21,143,1,1991
133,12,14,7,26,1,1985
115,12,14,5,300,1,1991
174,12,14,5,133,1,1982
128,12,14,9,119,2,1990
156,12,14,12,312,1,1978
94,12,14,17,18,1,1969
303,12,14,5,254,1,1975
460,12,14,18,244,1,1968
260,12,14,11,258,2,1988
31,12,14,4,364,2,1974
13,12,14,26,489,1,1980
212,12,14,11,43,1,1989
307,12,14,9,131,1,1993
329,12,14,16,291,1,1969
290,12,14,11,258,1,1994
13,12,14,5,300,1,1985
414,12,14,24,35,2,1983
312,12,14,2,245,1,1987
172,12,14,5,337,2,1986
220,12,14,11,114,1,1994
133,12,14,9,92,1,1961
570,12,14,11,570,1,1997
182,12,14,7,359,1,1991
96,12,14,10,199,1,1979
300,12,14,4,117,2,1993
142,12,14,7,140,1,1984
20,12,14,8,359,1,1986
510,12,14,8,506,1,1988
87,12,14,13,296,1,1967
74,12,14,3,133,1,1978
134,12,14,9,133,1,1963
15,12,14,2,14,1,1991
59,12,14,7,41,1,1976
4,12,14,10,341,2,1970
503,12,14,5,260,1,1990
303,12,14,11,293,1,1990
459,12,14,14,447,1,1969
181,12,14,14,626,1,1992
191,12,14,14,211,2,1991
107,12,14,11,43,1,1980
107,12,14,11,43,2,1988
153,12,14,3,131,1,1983
77,12,14,10,181,2,1983
69,12,14,19,505,1,1974
354,12,14,13,454,2,1955
39,12,14,20,40,0,0
331,12,14,7,144,1,1991
296,12,14,9,67,1,1967
418,12,13,6,423,2,1989
84,12,13,5,198,1,1993
211,12,13,9,176,2,1992
47,12,13,4,26,1,1985
229,12,13,25,460,2,1980
71,12,13,13,196,2,1977
359,12,13,4,74,1,1986
300,12,13,4,334,1,1983
260,12,13,4,500,1,1982
46,12,13,10,51,1,1971
44,12,13,6,191,1,1989
333,12,13,17,53,1,1992
176,12,13,7,145,2,1989
620,12,13,3,182,1,1991
61,12,13,13,504,1,1992
117,12,13,2,115,1,1991
28,12,13,4,289,1,1977
199,12,13,2,24,2,1993
167,12,13,27,59,2,1988
244,12,13,22,461,1,1968
110,12,13,7,99,1,1985
94,12,13,9,93,1,1989
98,12,13,24,509,1,1989
289,12,13,4,94,1,1988
41,12,13,4,41,1,1991
33,12,13,12,3,2,1970
254,12,13,7,231,1,1975
293,12,13,8,303,1,1990
325,12,13,3,295,1,1969
291,12,13,6,359,1,1969
307,12,13,3,188,1,1989
5,12,13,6,75,2,1994
210,12,13,9,331,1,1989
359,12,13,10,29,1,1969
44,12,13,7,24,2,1991
229,12,13,2,227,1,1982
239,12,13,9,471,1,1984
161,12,13,2,53,1,1982
131,12,13,3,153,1,1983
195,12,13,26,35,0,0
195,12,13,27,35,0,0
236,12,13,3,118,1,1990
133,12,13,14,80,1,1982
126,12,13,10,340,2,1995
300,12,12,4,324,1,1989
214,12,12,2,128,2,1982
232,12,12,27,177,1,1986
114,12,12,11,340,1,1990
140,12,12,7,142,1,1984
232,12,12,2,254,1,1984
158,12,12,12,260,1,1978
107,12,12,8,56,2,1994
304,12,12,6,300,1,1976
69,12,12,6,222,1,1963
459,12,12,28,177,1,1978
138,12,12,7,20,1,1990
138,12,12,7,20,2,1990
77,12,12,6,84,1,1977
67,12,12,4,13,1,1987
172,12,12,5,211,1,1984
138,12,12,3,27,1,1992
210,12,12,2,333,1,1985
620,12,12,5,138,1,1987
239,12,12,8,344,2,1982
133,12,12,9,134,1,1963
239,12,12,8,344,1,1981
202,12,12,16,342,1,1994
337,12,12,2,53,1,1981
240,12,12,3,231,1,1974
74,12,12,6,174,1,1977
123,12,12,5,503,1,1977
61,12,12,3,210,1,1994
153,12,12,6,230,1,1986
128,12,12,2,214,2,1982
414,12,12,3,169,1,1940
300,12,12,2,156,1,1989
597,12,12,24,454,2,1985
325,12,12,8,311,1,1956
413,12,12,13,336,1,1965
341,12,12,29,289,1,1981
174,12,12,12,176,1,1990
366,12,12,16,15,2,1981
296,12,12,3,334,2,1992
206,12,12,6,280,1,1986
210,12,12,16,71,1,1994
183,12,12,5,350,1,1988
156,12,12,5,296,1,1989
47,12,12,11,182,1,1989
332,12,12,8,304,1,1976
98,12,12,6,107,1,1980
336,12,12,4,413,1,1965
24,12,12,8,85,2,1993
447,12,12,50,176,1,1969
71,12,12,10,44,1,1989
231,12,12,7,232,1,1974
229,12,12,21,457,1,1988
35,12,11,16,195,0,0
260,12,11,14,258,1,1989
133,12,11,2,74,1,1978
195,12,11,5,90,1,1969
279,12,11,2,262,1,1989
164,12,11,16,32,1,1987
66,12,11,3,133,2,1962
258,12,11,22,118,1,1990
24,12,11,2,211,1,1985
30,12,11,6,69,1,1990
85,12,11,15,157,2,1993
182,12,11,10,47,1,1989
211,12,11,3,110,2,1991
110,12,11,5,31,1,1980
344,12,11,7,253,2,1990
344,12,11,7,253,1,1989
304,12,11,7,226,1,1980
300,12,11,16,307,2,1993
350,12,11,4,183,1,1988
333,12,11,3,69,1,1985
71,12,11,21,38,1,1994
272,12,11,7,402,1,1992
344,12,11,16,494,1,1998
420,12,11,2,418,2,1989
231,12,11,5,254,1,1975
426,12,11,11,345,1,1982
118,12,11,19,30,1,1990
38,12,11,6,47,1,1994
118,12,11,20,257,1,1981
181,12,11,13,359,1,1986
69,12,11,8,509,1,1995
196,12,11,14,198,2,1977
191,12,11,7,90,1,1965
112,12,11,4,346,1,1961
258,12,11,8,219,1,1989
258,12,11,8,219,1,1989
243,12,11,6,480,1,1970
254,12,11,5,304,1,1983
103,12,11,22,161,1,1991
49,12,11,6,66,1,1979
142,12,11,9,172,1,1991
312,12,11,9,227,1,1991
57,12,11,12,275,2,1988
143,12,10,6,327,1,1993
288,12,10,3,141,2,1984
176,12,10,13,332,1,1969
20,12,10,20,350,1,1979
345,12,10,3,247,1,1964
320,12,10,7,21,1,1989
345,12,10,13,426,1,1982
99,12,10,5,211,1,1975
286,12,10,13,137,1,1969
192,12,10,4,68,1,1970
77,12,10,2,18,2,1957
90,12,10,6,73,1,1986
450,12,10,10,466,2,1978
359,12,10,5,176,1,1983
172,12,10,9,111,1,1991
94,12,10,21,323,1,1969
26,12,10,13,31,2,1982
72,12,10,4,59,1,1991
344,12,10,6,239,2,1982
58,12,10,6,113,1,1986
349,12,10,3,152,1,1988
20,12,10,10,30,1,1991
233,12,10,19,94,1,1989
69,12,10,7,30,1,1990
15,12,10,11,366,2,1981
112,12,10,13,14,1,1984
620,12,10,2,46,1,1992
253,12,10,11,316,2,1990
253,12,10,11,316,1,1989
44,12,10,7,71,1,1989
112,12,10,4,73,1,1970
304,12,10,4,254,1,1983
302,12,10,2,349,1,1980
176,12,10,4,110,1,1984
307,12,10,7,219,1,1989
325,12,10,16,454,1,1984
143,12,10,7,301,1,1988
300,12,10,21,459,1,1969
334,12,9,13,249,1,1987
198,12,9,6,84,1,1993
260,12,9,4,503,1,1984
53,12,9,1,337,1,1981
324,12,9,5,177,1,1976
327,12,9,6,143,1,1993
268,12,9,11,177,2,1974
111,12,9,8,142,1,1991
459,12,9,13,447,1,1969
77,12,9,3,66,1,1979
77,12,9,3,66,2,1981
53,12,9,16,333,1,1992
289,12,9,5,236,1,1972
84,12,9,19,401,1,1990
287,12,9,10,346,1,1978
66,12,9,11,414,2,1972
21,12,9,12,77,2,1993
176,12,9,14,38,2,1987
212,12,9,7,199,1,1964
308,12,9,3,230,2,1979
120,12,9,2,132,1,1990
249,12,9,13,334,1,1987
29,12,9,24,329,1,1969
334,12,9,1,334,1,1987
299,12,9,6,254,1,1981
211,12,9,2,145,1,1985
24,12,9,14,73,2,1991
443,12,9,22,443,1,1974
31,12,8,11,24,2,1982
244,12,8,23,289,1,1981
225,12,8,5,94,2,1965
176,12,8,6,364,1,1983
110,12,8,6,620,1,1995
177,12,8,5,324,1,1976
307,12,8,14,220,2,1993
140,12,8,15,77,2,1983
342,12,8,17,202,1,1994
315,12,8,3,58,1,1993
229,12,8,2,227,1,1991
482,12,8,14,325,1,1986
325,12,8,4,295,1,1986
41,12,8,4,49,1,1991
3,12,8,11,33,2,1970
145,12,7,5,26,1,1985
268,12,7,12,113,1,1993
383,12,7,10,134,1,1973
349,12,7,4,152,2,1990
90,12,7,5,174,1,1965
349,12,7,2,67,1,1990
7,12,7,16,3,1,1966
35,12,7,23,414,2,1983
110,12,7,4,44,2,1991
141,12,7,3,288,1,1989
414,12,7,12,66,2,1972
414,12,7,12,66,1,1972
3,12,7,17,7,1,1966
39,12,7,9,287,1,1990
211,12,6,7,172,1,1980
359,12,6,8,144,1,1992
68,12,6,2,73,1,1982
88,12,6,3,71,1,1960
338,12,5,3,273,1,1960
230,12,5,3,257,1,1981
294,12,5,7,462,1,1986
257,12,4,14,476,2,1984
304,12,4,5,334,1,1990
27,12,4,7,176,1,1992
44,12,3,6,77,0,0
49,12,3,2,197,1,1971
506,12,2,10,116,1,1966
94,12,1,4,118,1,1992
107,12,1,3,96,1,1984
394,12,1,6,81,1,1988
327,12,1,2,113,1,1993
300,12,1,8,115,1,1990
231,12,1,16,334,1,1983
86,12,1,6,217,1,1981
334,12,1,1,334,1,1983
16,12,1,4,219,1,1991
16,12,1,4,219,1,1991
33,12,1,8,192,1,1970
123,12,1,16,327,1,1987
183,12,0,24,210,1,1984
240,12,0,8,154,1,1974
232,12,0,3,114,1,1992
295,12,0,9,240,1,1977
246,12,0,5,244,2,1963
465,12,0,14,232,1,1990
84,12,0,9,285,1,1982
22,12,0,10,233,2,1997
240,12,0,13,67,1,1977
21,12,0,7,84,1,1992
67,12,23,15,185,1,1977
77,12,23,9,346,1,1970
322,12,23,8,426,1,1991
188,12,23,9,219,1,1967
114,12,23,4,227,1,1964
223,12,23,3,327,1,1991
401,12,23,6,120,1,1990
306,12,23,13,300,1,1992
460,12,23,9,344,1,1982
166,12,22,6,67,1,1986
514,12,22,6,515,1,1961
170,12,22,10,75,1,1972
152,12,22,5,67,1,1988
134,12,22,10,383,1,1973
257,12,22,7,153,1,1981
44,12,22,2,195,1,1984
7,12,21,9,181,1,1987
364,12,21,5,31,2,1974
299,12,21,14,325,1,1990
31,12,21,5,364,2,1974
626,12,21,13,181,1,1992
117,12,21,4,303,1,1990
291,12,21,23,53,0,0
39,12,21,4,81,1,1963
49,12,21,6,41,1,1991
186,12,21,10,111,1,1984
302,12,21,8,94,1,1992
53,12,20,23,73,0,0
318,12,20,8,312,1,1964
205,12,20,9,383,2,1978
73,12,20,24,197,0,0
382,12,20,3,381,1,1977
174,12,20,6,39,1,1965
288,12,20,17,67,1,1992
133,12,20,9,161,1,1971
153,12,20,5,229,2,1981
334,12,20,15,231,1,1983
67,12,20,13,289,1,1992
359,12,20,5,620,1,1995
299,12,20,3,156,1,1981
145,12,20,17,43,1,1984
47,12,19,4,51,1,1994
137,12,19,13,59,1,1969
43,12,19,11,192,1,1984
289,12,19,24,289,1,1992
273,12,19,3,338,1,1960
128,12,19,5,350,1,1987
515,12,19,9,447,1,1984
44,12,19,7,196,1,1995
59,12,19,11,286,1,1969
447,12,19,21,447,1,1984
68,12,19,21,134,1,1993
350,12,19,17,66,1,1987
343,12,19,4,127,1,1998
66,12,19,7,88,1,1969
77,12,19,14,106,0,0
349,12,19,2,13,1,1992
94,12,19,1,141,1,1963
91,12,19,10,88,1,1960
19,12,19,7,109,1,1992
46,12,19,17,289,1,1992
127,12,19,2,302,1,1998
156,12,19,3,299,1,1981
381,12,19,63,382,1,1977
130,12,19,4,130,1,1983
194,12,19,58,233,0,0
570,12,19,15,570,1,1997
148,12,19,4,149,1,1993
161,12,18,10,133,1,1971
30,12,18,17,98,1,1980
282,12,18,9,626,1,1991
50,12,18,5,98,1,1968
233,12,18,25,98,0,0
511,12,18,8,259,2,1982
197,12,18,2,49,1,1971
134,12,18,33,71,1,1993
313,12,18,13,303,1,1992
331,12,18,5,364,1,1983
111,12,18,15,186,1,1984
227,12,18,6,234,1,1987
231,12,18,7,292,1,1957
161,12,18,3,145,2,1985
180,12,18,12,331,1,1988
98,12,18,20,173,0,0
232,12,18,2,254,1,1984
165,12,18,5,240,1,1994
19,12,18,6,21,1,1987
454,12,18,26,597,2,1985
374,12,18,29,301,1,1975
25,12,18,39,81,0,0
39,12,18,7,192,1,1988
454,12,18,7,461,1,1984
303,12,18,25,313,1,1992
326,12,17,5,344,1,1986
300,12,17,17,13,1,1985
231,12,17,3,245,1,1989
313,12,17,18,220,1,1992
13,12,17,4,340,1,1992
192,12,17,3,68,1,1970
21,12,17,6,320,1,1987
331,12,17,11,180,1,1988
28,12,17,4,93,1,1982
94,12,17,7,327,1,1988
120,12,17,5,178,2,1992
20,12,17,4,113,1,1993
35,12,17,7,199,2,1989
35,12,17,7,199,1,1988
88,12,17,6,66,1,1969
98,12,17,7,56,1,1980
32,12,17,3,21,1,1988
220,12,17,22,347,1,1992
60,12,17,4,93,2,1992
93,12,17,4,28,1,1982
74,12,17,5,56,1,1986
30,12,17,2,210,1,1990
236,12,17,7,94,1,1993
52,12,17,3,38,2,1976
299,12,17,7,254,1,1953
81,12,17,33,81,0,0
67,12,17,3,152,2,1989
67,12,17,3,152,1,1988
347,12,17,19,227,1,1992
56,12,17,11,30,1,1980
59,12,16,6,33,1,1965
600,12,16,6,596,1,1983
219,12,16,4,61,1,1987
25,12,16,4,142,2,1989
255,12,16,17,35,1,1988
141,12,16,1,94,1,1963
174,12,16,12,199,1,1982
161,12,16,8,24,0,0
181,12,16,8,7,1,1987
575,12,16,40,573,1,1997
253,12,16,4,465,1,1981
18,12,16,21,90,0,0
51,12,16,6,52,1,1994
68,12,16,13,320,1,1992
302,12,16,6,113,2,1991
22,12,16,3,19,1,1993
311,12,16,8,325,1,1989
255,12,16,9,45,2,1982
255,12,16,9,45,1,1977
229,12,16,6,153,2,1981
144,12,16,9,156,1,1992
24,12,16,5,35,1,1972
66,12,16,7,44,1,1972
56,12,16,5,74,1,1986
73,12,16,7,134,1,1991
67,12,16,5,188,2,1987
344,12,16,5,325,1,1986
460,12,16,11,344,1,1984
13,12,16,6,300,1,1985
227,12,16,6,227,1,1992
52,12,16,19,264,1,1994
320,12,16,9,198,1,1981
241,12,15,6,14,1,1985
300,12,15,10,312,1,1992
227,12,15,17,254,1,1992
24,12,15,48,194,0,0
141,12,15,22,123,1,1987
198,12,15,4,73,1,1991
53,12,15,5,142,1,1985
475,12,15,7,344,1,1998
74,12,15,8,176,1,1986
90,12,15,14,72,2,1984
133,12,15,5,174,1,1956
110,12,15,5,176,1,1984
334,12,15,14,157,1,2000
623,12,15,9,273,2,1990
31,12,15,9,54,1,1961
58,12,15,11,143,1,1979
140,12,15,10,133,1,1982
80,12,15,3,32,1,1988
301,12,15,17,283,1,1970
254,12,15,32,303,1,1992
176,12,15,5,172,1,1978
350,12,15,7,214,2,1989
573,12,15,85,570,1,1997
86,12,15,4,86,1,1979
153,12,15,2,154,1,1983
160,12,15,30,340,1,1987
199,12,15,7,212,1,1964
570,12,15,6,570,1,1997
258,12,15,3,504,1,1990
17,12,15,4,69,1,1981
153,12,15,8,307,1,1993
103,12,15,14,33,1,1956
451,12,14,3,454,1,1987
503,12,14,17,58,1,1984
432,12,14,7,515,1,1981
58,12,14,3,219,1,1978
272,12,14,6,237,1,1993
246,12,14,3,318,1,1990
272,12,14,7,237,1,1991
195,12,14,6,49,1,1959
176,12,14,16,195,1,1958
460,12,14,8,295,1,1972
231,12,14,5,234,1,1966
334,12,14,10,154,1,1986
501,12,14,7,507,1,1976
18,12,14,11,90,1,1994
334,12,14,10,154,2,1986
482,12,14,5,475,1,1986
523,12,14,9,354,2,1955
90,12,14,2,284,1,1994
124,12,14,9,275,1,1955
58,12,14,19,301,1,1984
283,12,14,3,98,1,1983
93,12,14,10,188,1,1951
318,12,14,3,246,1,1990
340,12,14,7,296,1,1987
245,12,14,5,240,1,1983
354,12,14,14,520,2,1955
304,12,14,7,296,2,1994
273,12,14,2,338,1,1991
454,12,14,3,451,1,1987
291,12,14,3,138,1,1972
570,12,14,15,570,1,1964
518,12,14,23,128,2,1984
194,12,14,3,264,1,1951
302,12,14,20,225,1,1992
251,12,14,7,312,2,1964
249,12,14,14,458,1,1969
295,12,14,18,296,1,1992
181,12,14,5,44,1,1998
153,12,14,7,227,1,1991
318,12,14,5,229,1,1994
289,12,14,20,289,1,1957
401,12,14,10,272,2,1991
359,12,14,7,172,1,1991
67,12,14,6,93,1,1992
74,12,14,11,26,1,1972
279,12,14,9,408,1,1954
344,12,14,5,325,1,1979
124,12,14,10,129,1,1988
90,12,14,11,255,2,1982
90,12,14,11,255,1,1977
225,12,14,16,144,1,1992
165,12,14,6,226,1,1991
506,12,13,23,17,1,1971
315,12,13,11,359,1,1988
289,12,13,4,94,2,1982
156,12,13,10,144,1,1992
69,12,13,7,58,0,0
144,12,13,9,126,1,1992
133,12,13,11,80,1,1982
252,12,13,8,121,2,1973
296,12,13,5,220,2,1986
299,12,13,11,254,1,1981
81,12,13,5,174,1,1998
284,12,13,29,147,1,1995
284,12,13,30,147,0,0
51,12,13,5,47,1,1958
49,12,13,9,195,2,1972
330,12,13,2,230,1,1986
331,12,13,13,133,1,1946
338,12,13,2,273,1,1991
126,12,13,16,176,1,1992
408,12,13,9,279,1,1954
140,12,13,6,47,1,1989
288,12,13,4,289,1,1990
338,12,13,9,626,1,1987
448,12,13,8,450,1,1954
93,12,13,4,67,1,1992
67,12,13,6,166,1,1986
477,12,13,6,471,1,1962
447,12,13,9,454,2,1985
48,12,13,29,26,1,1994
110,12,13,4,74,1,1987
27,12,13,9,289,1,1972
58,12,13,15,61,1,1976
24,12,13,9,212,2,1988
465,12,13,4,253,1,1981
45,12,13,13,338,1,1983
418,12,13,3,420,2,1996
176,12,13,27,106,1,1992
176,12,13,7,359,1,1986
75,12,13,6,134,1,1993
334,12,13,20,295,1,1992
286,12,13,16,291,1,1988
212,12,12,9,44,2,1988
310,12,12,11,190,2,1985
74,12,12,5,110,1,1987
26,12,12,23,337,1,1994
41,12,12,54,41,1,1984
299,12,12,9,152,1,1988
301,12,12,15,58,1,1984
190,12,12,3,152,2,1985
308,12,12,8,229,1,1984
107,12,12,3,286,1,1980
145,12,12,3,142,1,1984
296,12,12,12,327,1,1987
299,12,12,3,117,1,1982
149,12,12,13,339,1,1990
58,12,12,17,503,1,1984
283,12,12,17,301,1,1970
296,12,12,8,256,2,1994
24,12,12,17,24,1,1992
174,12,12,5,36,2,1956
307,12,12,10,94,1,1988
13,12,12,4,67,1,1992
110,12,12,8,145,1,1945
43,12,12,7,174,1,1975
24,12,11,23,626,1,1992
44,12,11,6,24,2,1988
93,12,11,1,224,2,1991
340,12,11,11,329,1,1980
7,12,11,10,161,1,1992
190,12,11,8,332,1,1994
272,12,11,10,401,2,1991
307,12,11,16,160,1,1987
69,12,11,7,374,1,1981
59,12,11,3,72,1,1989
240,12,11,5,232,1,1974
229,12,11,7,308,1,1984
143,12,11,4,340,1,1993
118,12,11,4,288,1,1990
202,12,11,16,272,1,1986
226,12,11,5,296,1,1993
450,12,11,6,448,1,1954
109,12,11,9,342,1,1950
16,12,11,14,87,2,1984
163,12,11,19,374,1,1992
337,12,11,9,286,1,1970
72,12,11,7,394,1,1989
289,12,11,7,289,1,1957
196,12,11,18,57,1,1982
272,12,11,10,148,1,1993
272,12,11,10,148,1,1993
31,12,11,5,100,2,1997
255,12,11,5,284,1,1962
597,12,11,22,454,2,1985
129,12,11,9,124,1,1988
229,12,11,5,299,1,1984
299,12,11,33,158,0,0
510,12,11,4,509,1,1988
301,12,11,30,374,1,1975
47,12,11,10,77,2,1957
133,12,10,6,199,1,1954
197,12,10,11,72,1,1979
454,12,10,11,447,2,1985
111,12,10,11,331,2,1984
38,12,10,9,175,1,1986
142,12,10,3,173,1,1979
142,12,10,3,173,2,1986
98,12,10,8,41,1,1968
123,12,10,11,163,1,1986
72,12,10,4,59,1,1991
72,12,10,4,59,2,1991
133,12,10,2,74,1,1989
288,12,10,5,141,1,1989
337,12,10,6,54,1,1982
52,12,10,7,66,1,1990
504,12,10,5,222,1,1983
100,12,10,4,31,2,1997
289,12,10,6,138,1,1972
332,12,10,7,190,1,1994
142,12,10,2,26,1,1984
66,12,10,4,133,2,1962
181,12,10,18,20,1,1988
145,12,10,5,142,1,1979
286,12,10,25,136,1,1969
300,12,10,10,343,1,1985
77,12,10,13,137,1,1983
86,12,10,17,142,2,1988
35,12,10,24,170,1,1972
156,12,10,1,300,1,1994
192,12,10,21,280,1,1984
131,12,10,14,497,1,1980
163,12,10,9,123,1,1986
99,12,9,5,25,1,1984
80,12,9,15,175,1,1974
620,12,9,8,54,1,1990
289,12,9,5,236,1,1972
61,12,9,7,128,2,1967
62,12,9,17,148,1,1996
41,12,9,7,169,1,1992
364,12,9,6,176,1,1972
254,12,9,2,240,2,1992
54,12,9,7,620,1,1990
491,12,9,11,229,1,1992
314,12,9,2,244,1,1994
140,12,9,2,110,1,1984
106,12,9,3,145,1,1951
212,12,9,7,199,1,1964
49,12,9,6,195,1,1959
318,12,9,5,165,1,1990
14,12,9,11,124,1,1986
115,12,9,4,153,1,1979
284,12,8,5,255,1,1962
339,12,8,7,206,1,1962
127,12,8,7,300,1,1989
110,12,8,5,620,1,1995
260,12,8,11,511,2,1982
54,12,8,40,54,0,0
57,12,8,17,211,1,1982
77,12,8,2,18,2,1957
274,12,8,3,129,1,1988
91,12,8,4,71,1,1973
129,12,8,3,274,1,1988
81,12,8,5,174,2,1991
432,12,8,8,597,1,1986
331,12,8,5,288,1,1992
303,12,8,10,154,1,1957
231,12,8,17,334,1,1983
77,12,8,4,133,1,1956
133,12,8,4,66,2,1962
87,12,8,3,152,1,1994
142,12,8,3,145,1,1984
226,12,7,8,303,1,1957
342,12,7,5,19,2,1991
173,12,7,5,99,2,1984
230,12,7,3,257,1,1981
52,12,7,3,38,1,1976
87,12,7,10,16,2,1984
7,12,7,16,7,1,1966
133,12,7,20,72,1,1946
383,12,6,10,205,2,1978
182,12,6,16,334,1,1980
26,12,6,6,44,1,1989
305,12,4,22,239,1,1988
173,12,4,3,24,1,1991
319,12,4,11,67,1,1987
326,12,3,5,293,1,1991
570,12,3,27,575,1,1997
128,12,2,10,158,1,1988
49,12,2,2,197,1,1971
199,12,2,18,60,1,1955
276,12,2,8,69,1,1991
164,12,2,5,49,1,1991
44,12,2,18,71,0,0
117,12,2,6,227,1,1990
116,12,1,4,123,1,1991
74,12,1,5,56,1,1992
56,12,1,7,112,2,1989
303,12,1,4,117,1,1990
280,12,1,14,184,1,1984
509,12,1,7,290,1,1989
144,12,1,5,289,1,1991
16,12,0,6,219,1,1992
48,12,0,3,111,1,1989
19,12,0,5,342,2,1991
570,12,0,48,570,1,1997
325,12,0,2,463,1,1985
325,12,0,2,463,1,1981
523,12,0,4,520,2,1990
44,12,0,7,18,2,1955
44,12,0,7,18,1,1957
493,12,0,21,622,1,1980
224,12,0,2,93,1,1992
174,12,23,8,181,1,1998
165,12,23,8,154,1,1971
299,12,23,2,303,1,1987
570,12,23,40,570,1,1997
134,12,23,2,198,1,1979
49,12,23,5,164,1,1991
463,12,23,9,458,1,1981
230,12,23,8,117,1,1986
117,12,22,7,232,1,1988
96,12,22,4,56,2,1989
296,12,22,5,226,1,1993
210,12,22,3,30,1,1990
111,12,22,8,111,1,1986
494,12,22,18,344,1,1998
230,12,22,12,493,1,1956
282,12,22,15,168,1,2000
181,12,22,20,44,0,0
173,12,22,13,66,2,1986
226,12,21,7,165,1,1991
511,12,21,11,123,2,1982
501,12,21,6,498,1,1981
74,12,21,7,199,1,1991
272,12,21,12,202,1,1986
329,12,21,5,220,1,1969
